{
 "cells": [
  {
   "cell_type": "code",
   "execution_count": 1,
   "id": "12431ee5-c77b-4adb-8f05-dcc843a87e98",
   "metadata": {},
   "outputs": [],
   "source": [
    "import pandas as pd"
   ]
  },
  {
   "cell_type": "code",
   "execution_count": 2,
   "id": "8dc492a1-5324-4efa-89d0-6b58e8396c5f",
   "metadata": {},
   "outputs": [],
   "source": [
    "df=pd.read_csv(\"ecommerce_sales_analytics_5000.csv\", parse_dates=[\"order_date\"])"
   ]
  },
  {
   "cell_type": "code",
   "execution_count": 3,
   "id": "2290619d-2ab0-4c5f-8089-a630f22a8920",
   "metadata": {},
   "outputs": [],
   "source": [
    "numeric_df = df[[\"quantity\", \"unit_price\", \"discount\", \"delivery_days\", \"revenue\"]]"
   ]
  },
  {
   "cell_type": "code",
   "execution_count": 4,
   "id": "20cf5a0e-3e46-4646-ad1c-6ee665bcc272",
   "metadata": {},
   "outputs": [
    {
     "name": "stdout",
     "output_type": "stream",
     "text": [
      "\n",
      "Covariance:\n",
      "                   quantity    unit_price   discount  delivery_days  \\\n",
      "quantity          4.082009      0.512237  -0.000881      -0.055733   \n",
      "unit_price        0.512237  28648.733946   0.226823       8.338403   \n",
      "discount         -0.000881      0.226823   0.010283      -0.000122   \n",
      "delivery_days    -0.055733      8.338403  -0.000122       9.943075   \n",
      "revenue        1040.110589  94746.795528 -11.661466      14.172711   \n",
      "\n",
      "                     revenue  \n",
      "quantity         1040.110589  \n",
      "unit_price      94746.795528  \n",
      "discount          -11.661466  \n",
      "delivery_days      14.172711  \n",
      "revenue        681589.302978  \n",
      "\n",
      "Correlation:\n",
      "                quantity  unit_price  discount  delivery_days   revenue\n",
      "quantity       1.000000    0.001498 -0.004302      -0.008748  0.623564\n",
      "unit_price     0.001498    1.000000  0.013215       0.015623  0.678032\n",
      "discount      -0.004302    0.013215  1.000000      -0.000382 -0.139296\n",
      "delivery_days -0.008748    0.015623 -0.000382       1.000000  0.005444\n",
      "revenue        0.623564    0.678032 -0.139296       0.005444  1.000000\n"
     ]
    }
   ],
   "source": [
    "print(\"\\nCovariance:\\n\", numeric_df.cov())\n",
    "\n",
    "print(\"\\nCorrelation:\\n\", numeric_df.corr())"
   ]
  },
  {
   "cell_type": "code",
   "execution_count": 5,
   "id": "d708cc86-6219-4fed-bee3-876dc1769d5d",
   "metadata": {},
   "outputs": [
    {
     "data": {
      "text/plain": [
       "revenue          1.000000\n",
       "unit_price       0.678032\n",
       "quantity         0.623564\n",
       "delivery_days    0.005444\n",
       "discount        -0.139296\n",
       "Name: revenue, dtype: float64"
      ]
     },
     "execution_count": 5,
     "metadata": {},
     "output_type": "execute_result"
    }
   ],
   "source": [
    "# sort values\n",
    "numeric_df.corr()[\"revenue\"].sort_values(ascending=False)"
   ]
  },
  {
   "cell_type": "code",
   "execution_count": 7,
   "id": "6accac2c-324b-4359-8d45-123c77f92a6e",
   "metadata": {},
   "outputs": [
    {
     "data": {
      "text/plain": [
       "(np.float64(-0.13929560296730714), np.float64(1.0))"
      ]
     },
     "execution_count": 7,
     "metadata": {},
     "output_type": "execute_result"
    }
   ],
   "source": [
    "numeric_df.corr().values.min(), numeric_df.corr().values.max()  # max & min"
   ]
  },
  {
   "cell_type": "code",
   "execution_count": null,
   "id": "13e4ef89-a8aa-4033-898a-43d896172e41",
   "metadata": {},
   "outputs": [],
   "source": []
  }
 ],
 "metadata": {
  "kernelspec": {
   "display_name": "Python 3 (ipykernel)",
   "language": "python",
   "name": "python3"
  },
  "language_info": {
   "codemirror_mode": {
    "name": "ipython",
    "version": 3
   },
   "file_extension": ".py",
   "mimetype": "text/x-python",
   "name": "python",
   "nbconvert_exporter": "python",
   "pygments_lexer": "ipython3",
   "version": "3.13.9"
  }
 },
 "nbformat": 4,
 "nbformat_minor": 5
}
